4294967278,276
4294967278,380
4294967278,458
4294967278,347
4294967279,174
4294967279,260
4294967279,539
4294967279,269
4294967278,284
4294967279,267
4294967278,275
4294967278,329
4294967279,258
4294967278,285
4294967294,1418
4294967278,457
4294967278,333
4294967278,260
4294967278,0
4294967279,281
4294967278,461
4294967279,322
4294967278,357
4294967279,514
4294967294,38
4294967294,37
4294967294,36
4294967294,40
4294967294,39
4294967294,1420
4294967294,1419
4294967294,393
4294967294,114
4294967294,177
4294967294,183
4294967294,405
4294967294,112
4294967294,450
4294967294,394
4294967294,111
4294967294,404
4294967279,543
4294967278,325
4294967279,557
4294967279,318
4294967278,320
4294967278,322
263,5
4294967279,316
263,4
263,3
263,2
263,1
4294967278,319
4294967279,542
4294967278,254
4294967279,315
4294967279,540
4294967279,249
4294967294,386
4294967294,387
4294967279,248
4294967279,247
261,4
261,3
261,2
261,1
4294967278,245
4294967279,245
4294967279,243
4294967294,120
4294967279,241
4294967279,242
4294967278,241
4294967278,470
4294967279,239
260,6
4294967279,235
4294967278,318
260,5
4294967279,233
260,4
260,3
260,2
260,1
4294967278,229
259,5
4294967278,218
259,4
259,3
259,2
259,1
4294967278,216
4294967278,353
258,5
258,4
258,3
258,2
258,1
4294967279,309
4294967278,462
4294967279,340
4294967279,568
257,5
4294967279,201
4294967278,200
4294967279,200
257,4
257,3
257,2
257,1
4294967278,459
4294967279,199
4294967279,198
4294967279,339
4294967278,345
4294967278,192
4294967294,468
4294967294,41
4294967279,190
255,4
255,3
255,2
255,1
4294967278,383
0,7
4294967294,27
4294967294,389
4294967294,1
4294967294,128
4294967294,185
4294967294,28
4294967294,42
4294967294,0
4294967294,435
4294967294,29
4294967294,392
4294967294,388
4294967294,44
4294967294,2
4294967279,338
4294967279,538
4294967279,301
4294967294,469
4294967294,1003
4294967294,995
4294967294,192
4294967294,1001
4294967294,45
4294967279,530
4294967294,107
4294967294,46
4294967294,91
4294967294,90
4294967294,87
4294967294,86
4294967294,85
4294967294,84
4294967294,150
4294967294,129
4294967294,149
4294967294,418
4294967294,1015
4294967294,146
4294967294,53
4294967294,426
4294967294,96
4294967294,94
4294967278,379
4294967294,9
4294967294,8
4294967294,7
4294967279,529
4294967294,22
4294967294,5
4294967294,436
4294967294,423
4294967294,416
4294967294,51
4294967294,52
4294967294,50
4294967294,12
4294967294,470
4294967279,572
4294967278,452
4294967278,382
4294967279,528
4294967279,0
4294967278,172
4294967278,166
4294967294,201
4294967294,83
4294967294,11
4294967294,81
4294967278,132
4294967278,131
4294967278,130
4294967278,129
4294967278,128
4294967278,127
4294967278,126
4294967278,125
4294967278,124
4294967278,123
4294967278,122
4294967278,121
4294967278,120
4294967278,119
4294967278,118
4294967278,117
4294967278,116
4294967278,115
4294967278,114
4294967278,113
4294967278,112
4294967278,111
4294967278,110
4294967278,109
4294967278,108
4294967278,107
4294967278,106
4294967278,105
4294967278,104
4294967278,103
4294967278,102
4294967278,101
4294967278,100
4294967278,99
4294967278,98
4294967278,97
4294967278,96
4294967278,95
4294967278,94
4294967278,93
4294967278,92
4294967278,91
4294967278,90
4294967278,89
4294967278,87
4294967278,86
4294967278,85
4294967278,84
4294967278,82
4294967278,81
4294967278,80
4294967278,79
4294967278,78
4294967278,77
4294967278,76
4294967278,75
4294967278,74
4294967278,73
4294967278,72
4294967278,71
4294967278,70
4294967278,69
4294967278,68
4294967278,67
4294967278,66
4294967278,65
4294967278,64
4294967278,63
4294967279,102
4294967279,100
4294967279,99
4294967279,98
4294967279,97
4294967279,95
4294967279,93
4294967279,91
4294967279,90
4294967279,89
4294967279,87
4294967279,83
4294967279,80
4294967279,78
4294967279,77
4294967279,76
4294967279,75
4294967279,71
4294967279,70
4294967278,164
4294967294,18
4294967294,127
4294967294,14
4294967294,126
4294967294,20
4294967294,13
4294967279,63
4294967279,62
4294967279,61
4294967279,58
4294967279,57
4294967279,54
4294967279,49
4294967279,48
4294967279,42
4294967279,38
4294967279,35
4294967279,33
4294967279,31
4294967279,30
4294967279,27
4294967279,26
4294967279,24
4294967279,20
4294967279,19
4294967279,18
4294967279,17
4294967279,14
4294967279,12
4294967279,9
4294967279,8
4294967279,7
4294967279,6
4294967279,5
4294967279,4
4294967279,563
4294967294,68
4294967279,160
4294967278,155
4294967279,154
254,8
4294967278,154
4294967278,153
4294967279,149
254,7
254,6
4294967278,138
4294967278,277
4294967279,135
4294967278,274
4294967278,273
4294967278,266
4294967278,265
4294967278,83
4294967279,96
4294967279,94
4294967279,92
4294967279,337
4294967278,264
4294967278,257
4294967278,370
4294967294,191
4294967294,168
4294967294,443
4294967279,571
4294967278,249
4294967279,570
4294967278,247
4294967278,242
4294967278,243
4294967278,234
254,5
254,4
254,2
254,1
4294967278,232
4294967279,231
4294967279,229
4294967279,227
4294967278,226
252,4
252,3
252,2
252,1
4294967278,469
4294967279,221
4294967279,219
4294967279,217
4294967279,215
251,6
4294967279,212
4294967278,369
4294967279,101
4294967279,569
251,5
4294967278,210
4294967279,210
251,4
251,3
251,2
251,1
4294967278,454
4294967279,209
4294967279,208
4294967279,336
250,5
250,4
4294967279,203
250,3
250,2
250,1
4294967279,555
4294967278,202
4294967279,202
4294967278,201
4294967278,350
4294967279,535
4294967278,196
4294967278,195
4294967279,193
4294967279,195
249,5
249,4
4294967279,194
249,3
249,2
249,1
4294967279,324
4294967278,193
4294967279,189
4294967279,302
248,5
4294967278,187
4294967279,187
248,4
248,3
248,2
